P_major: -1.8894100167396322
P_minor1: 0.07287557739607281
P_minor2: 0.09167899789325593
P_v: -2.800867447579087
P_r: 0.2094804594028926
